0956807555
0975858328
0908317075
0971157262
0966723434
0946987576
0949186507
0960100488
0904629604
0969337238
0914494527
0987383197
0969501150
0902629732
0941073276
0921165549
0917542449
0947528435
0931990562
0966776521
0994398044
0904024450
0956720420
0927061793
0954179885
0925911263
0967899772
0940039585
0911728290
0950143280
0910603429
0994741528
0923456234
0955755188
0937623724
0952737413
0951433631
0945116004
0937685171
0925004737
0988054400
0951730388
0956953856
0904959733
0990297339
0994632793
0978614616
0913928210
0948035635
0953341152
0997506605
0944787909
0907037360
0925696933
0964436706
0925542830
0989409943
0956002055
0914012314
0951969057
0916039930
0958367476
0968417678
0955425988
0982771741
0957848816
0926294270
0901474574
0949031455
0920613013
0939900652
0947895899
0988598297
0987235771
0961420499
0930840655
0976045075
0949773889
0983992633
0920360065
0974182003
0991799616
0924642191
0977710706
0998664987
0906758937
0910776767
0913573746
0966389246
0912249164
0983906417
0959871433
0980740687
0995799835
0930467357
0947426403
0913985861
0909293751
0943230932
0982050115
0917429021
0940227485
0913634413
0994039639
0928506931
0980110411
0951672695
0998124435
0901088265
0969465001
0995476908
0959928191
0917212038
0956751613
0945231030
0958291004
0928795562
0994636544
0938965699
0941684234
0922448855
0977905378
0922919114
0906879766
0943041528
0989416013
0930675587
0913450876
0928212001
0927059050
0962657457
0941915642
0910885986
0955802972
0968366677
0944612626
0982527168
0988154491
0927257029
0955489282
0990356565
0980301607
0989642497
0918005694
0961926837
0930743629
0933377984
0920415529
0923860810
0911927067
0987133451
0937639453
0921541573
0931615840
0962767420
0975705829
0966381324
0900701032
0987189584
0957967838
0938167553
0958879181
0907206580
0973058223
0968225336
0990130509
0904822243
0993723736
0920441934
0916937016
0917297480
0990284850
0985094061
0980318157
0953512666
0906321810
0940160814
0918977622
0932216530
0917329660
0962025568
0903719192
0920323326
0961439603
0951901878
0991682754
0989031677
0957286764
0951371573
0967779034
0914219861
0976134349
0991595250
0989435078
0925307687
0998118578
0900743379
0991622399
0943467899
0920429377
0901796923
0917288011
0977609160
0952842384
0999967356
0926051827
0902081206
0917080928
0919351004
0903976257
0908972799
0918189659
0968671913
0932525453
0932016149
0903740480
0966032577
0980352702
0932183569
0956826142
0942147327
0974813475
0952509557
0946028511
0908745485
0912906052
0934577693
0949194291
0920094880
0903757835
0948671971
0980421956
0921996022
0974533638
0961352366
0913002335
0991100781
0915626598
0908854626
0956635251
0900825276
0944142314
0921727170
0922380602
0954502325
0913684744
0970799052
0905719509
0979021933
0956694769
0900608255
0929310126
0901619997
0998727851
0965643566
0901154503
0990209724
0923442360
0911286670
0968202596
0901481447
0910339079
0927487951
0915492749
0912691646
0995027126
0977296685
0924164145
0981650957
0909190072
0906987646
0988344846
0903157671
0917245138
0924939312
0943541176
0949664218
0967521408
0968670294
0925516489
0932360470
0987714683
0917788890
0941689227
0934098403
0932375911
0924275510
0975001125
0979756146
0985708260
0930091502
0927332040
0911699612
0942548777
0925252758
0966310959
0980854809
0998506426
0992118621
0956406854
0927295545
0938135616
0958229241
0991166434
0946014145
0962897015
0989450247
0968754283
0963350711
0948264880
0902875427
0928480327
0967427866
0986438947
0914004966
0956602247
0936412768
0967307457
0906113591
0996729798
0991122935
0903964334
0983326003
0931616385
0932914496
0974829606
0973580182
0980935945
0992884885
0986908566
0921613630
0942452282
0971193421
0999776387
0968294050
0959199985
0941600064
0947477168
0992232132
0935841837
0928058822
0989774097
0901871607
0910339765
0973140865
0905215088
0908350379
0969174286
0934335449
0943200003
0941179171
0975874173
0909023467
0993881662
0977059183
0995128260
0999490515
0997558060
0907234492
0941700406
0972565081
0998653244
0915400382
0948432549
0925175507
0973576282
0903667179
0972400652
0994590644
0921321235
0975990576
0909499769
0959496066
0940607078
0919689497
0986143268
0913271979
0960203808
0958489963
0967066618
0994479216
0994011109
0987983386
0919175338
0930979482
0903684027
0913470622
0953406597
0991404671
0919422210
0903674423
0995519936
0921510071
0974274793
0901131613
0945783827
0907390459
0950693711
0995085927
0934915535
0939334742
0942003552
0971136626
0992042864
0922412436
0904485460
0910055316
0907098277
0931792360
0918274550
0977054875
0953084819
0961828743
0984916498
0971311945
0925631460
0922396963
0954680037
0938128184
0951478088
0903711565
0901336555
0959873866
0931111332
0945522051
0977753540
0979342197
0994503129
0955274757
0956481074
0967447078
0916101669
0945153791
0970179943
0996861713
0954001176
0957038241
0926903703
0914393795
0993409215
0914663330
0957272634
0905809228
0977322845
0972661993
0909176852
0929410160
0961061543
0971635022
0990461078
0980315534
0934565433
0971659985
0950775554
0953908524
0907756122
0903169258
0946731321
0908918166
0912818122
0970858799
0939105735
0921266164
0942391056
0922901839
0909372653
0948835944
0975123149
0959337195
0924408474
0924414004
0958104349
0918228589
0946171893
0947784641
0948857726
0926336103
0954147872
0996076262
0933464996
0951913251
0924524463
0940455850
0940128555
0908937885
0957789481
0997361490
0910746039
0914692404
0951293514
0964044558
0901259752
0993801540
0976729199
0995142781
0909600905
0924829459
0932199347
0967259818
0971822241
0968483792
0942113397
0958401687
0916016297
0907814093
0954354310
0915764454
0952954727
0917634655
0993032275
0900792441
0996919319
0911925560
0970448948
0994448948
0960028097
0909297694
0946486863
0950814852
0974530015
0994265286
0955303861
0935574815
0977424639
0982978844
0977271866
0993152928
0969591251
0910545796
0953384873
0988367766
0902846113
0920891881
0996513565
0945970620
0997373650
0976564512
0982456069
0971468421
0941726943
0980314055
0977586612
0981674357
0992043406
0913060745
0989736041
0975370760
0935859599
0951145202
0998695477
0955810375
0944193003
0929352896
0970234808
0954941442
0935088990
0945155233
0967326058
0991682134
0914100005
0956399005
0910765901
0944803539
0904878799
0906657400
0920595726
0966710857
0955303640
0980910152
0977163481
0943896831
0973220484
0901004219
0922118184
0951829866
0976758372
0978039998
0963040377
0992634247
0938645612
0989261595
0960448134
0977177051
0936969187
0903925517
0957428942
0960307594
0942305510
0966645365
0911962822
0988534492
0903917910
0960137543
0922405497
0956437639
0994581857
0968690588
0983837840
0914226983
0999770057
0939309577
0905441761
0989799076
0988635799
0998387106
0938519834
0993848146
0937420105
0927719503
0903087727
0905638022
0922420821
0938112222
0986517019
0974484374
0932787033
0916893994
0909471167
0970436719
0950236377
0907457402
0939524385
0989797363
0924041974
0982921171
0901050150
0976361303
0947575241
0963615870
0958392689
0983056466
0956604359
0998952423
0944069425
0949835809
0965807123
0950227067
0923171897
0947707371
0900656856
0962446191
0991952462
0964007186
0961388870
0996056820
0932817038
0933702836
0906295403
0982466923
0993310580
0974090060
0957723904
0921103295
0948251818
0989867424
0952794148
0957434646
0963395034
0908689195
0944809345
0980007277
0941000972
0980658524
0947951594
0916993244
0988891445
0914535691
0941848089
0951720301
0932494760
0954298745
0919774210
0973924333
0949569933
0993998645
0984782494
0914941784
0999066998
0923898240
0977425784
0928516892
0938718501
0914919446
0981102260
0983300290
0910655282
0992928379
0978519020
0912890803
0987813839
0932831767
0907000683
0961331325
0915952365
0994286610
0972915598
0969795249
0932688172
0948862387
0919047582
0927697700
0968679799
0925596195
0984014215
0968027552
0958314215
0990602502
0912809755
0903445822
0984841116
0992416873
0933808526
0956527561
0967625508
0995561315
0947533888
0925567326
0969927224
0996411519
0996210572
0912494968
0938917383
0942533522
0960911835
0981429737
0954339884
0989765142
0936205427
0943156162
0956550625
0949935447
0911295150
0919151211
0925775478
0985727391
0965405643
0960814838
0938413780
0959857365
0974619440
0982519827
0976747709
0991454761
0919148880
0943875586
0945681709
0950464871
0993660675
0939948629
0905465414
0973832140
0973381798
0927074508
0961127145
0985163266
0981515498
0921809147
0914875205
0906258647
0942457203
0952211506
0965627043
0965846677
0966478259
0908013722
0992589471
0964160053
0937946222
0934598465
0972321753
0968172649
0995848327
0913764845
0961997722
0959287783
0916275111
0919979944
0992620710
0963302467
0977749756
0993860047
0941422415
0911757784
0932849660
0913512139
0945713624
0932958574
0985022519
0968012754
0927435984
0952854181
0988314568
0985353373
0931119351
0975950613
0934496355
0902695938
0977601946
0970194633
0973875657
0918740122
0935725894
0901729503
0934845755
0943974023
0909038962
0995740287
0924518611
0913200110
0972685153
0912861504
0904190584
0926613204
0954714337
0998793023
0927067412
0901817060
0916225465
0994574135
0988030810
0913198346
0906462235
0907747045
0914553396
0970406269
0982640284
0943849492
0906616925
0947167913
0968411559
0936899503
0939592404
0962542520
0934366422
0977861942
0981019614
0997526241
0996835123
0934892438
0921498157
0958225581
0929943907
0986610079
0985787385
0961028941
0994742794
0970058963
0938208959
0917161487
0910389813
0982973594
0920906844
0926287279
0986931107
0979112912
0914893091
0918590227
0948597033
0938969313
0969822134
0911955026
0955422277
0910110346
0975880024
0981859492
0993785513
0962086002
0936399453
0997809903
0967656900
0973787346
0908878079
0971957983
0902359220
0941742878
0933888066
0928104326
0967023975
0946196923
0981508547
0922618947
0974810660
0917853220
0915161969
0952743144
0901293873
0972020897
0943426676
0944512816
0949110896
0915713197
0911162040
0949452958
0984781382
0977793817
0989065392
0923033552
0959703759
0954796319
0962719255
0996258071
0915585960
0902931340
0913088832
0927887208
0970326022
0957847263
0946056253
0949232260
0906212866
0978870971
0921297459
0956969314
0918938271
0957585919
0915000560
0976883586
0914311134
0935841151
0955479515
0965048379
0929071877
0937569746
0934926584
0998154215
0922459239
0966396755
0929125223
0969989007
0981827757
0941077179
0942786715
0918521681
0903945917
0982459489
0960491164
0960722920
0935218163
0926619546
0975371477
0901417526
0999259714
0913825216
0939463130
0996837646
0904141412
0954726373
0919653041
0930855767
0984029422
0975688669
0930861665
0913411256
0906131453
0961876624
0952112351
0953002939
0926232041
0923731222
0941838296
0902461905
0921811257
0992256873
0959698866
0910944855
0930695662
0912877608
0997557972
0952717656
0924805258
0983054615
0943619471
0946096502
0924796740
0924640089
0987153040
0910990972
0949550692
0903088461
0945353775
0926567737
0916423650
0981712188
0985292036
0910036839
0960586952
0937088108
0982633513
0960994733
0949130749
0924028930
0922497152
0914555551
0903051211
0942076489
0955710729
0992459967
0966601255
0912508075
0902863829
0978497165
0936136703
0970090778
0973517240
0935067193
0963762071
0973551211
0931133465
0969244644
0985122984
0929107665
0978368890
0913037004
0926535029
0903504524
0933655352
0944604595
0915195994
0977862437
0972906856
0949292280
0933266111
0923321554
0908104895
0928374065
0982496374
0947346403
0994542461
0903841053
0909714530
0983305921
0964131540
0923971936
0921041119
0990806211
0947486374
0993426904
0900250320
0983107815
0936123206
0920211321
0976315477
0937764532
0928445740
0950030687
0944494036
0990091481
0961397967
0952687562
0921070077
0921486194
0927168165
0926837421
0959201020
0989323817
0981114331
0960875635
0975057374
0954456644
0904220316
0971637440
0946592839
0989288002
0948335893
0920429985
0991689916
0989970101
0951784798
0980134847
0916738916
0930576145
0979533496
0929100834
0980916141
0965279303
0909779725
0967089004
0909688937
0927574373
0984602206
0922584153
0915384761
0951648822
0962175989
0937230433
0954554298
0943040040
0970299694
0981362461
0985769392
0963208437
0969315678
0954043259
0938816811
0981080965
0962711779
0995785126
0942114347
0976320713
0972220993
0968789537
0924881244
0970065952
0946796783
0907684475
0987283189
0939933784
0925262715
0908422634
0941820057
0935703147
0930964024
0982066994
0971392519
0974941283
0962628329
0993911853
0922727131
0948189769
0926899578
0949393246
0916767119
0911695432
0903346057
0941713215
0904254431
0970126678
0992745225
0973449730
0934843139
0959140389
0999263510
0904242558
0940336106
0970103762
0964707816
0925020665
0972147816
0951378479
0956833072
0937226607
0917284350
0927440280
0974441649
0924976373
0952051583
0973215685
0964214988
0921307622
0935442422
0938543201
0949463733
0908931221
0931461621
0945236577
0975364130
0978894184
0961442131
0937422126
0969803531
0962728541
0902180443
0951552558
0936053478
0906043075
0971945738
0995971258
0915274573
0993743458
0920242301
0921018160
0969177662
0910315514
0998233343
0921961923
0945310509
0932283322
0966709743
0989500455
0921704659
0913308556
0908858293
0984382741
0971228990
0964304429
0980651116
0985326504
0963126766
0927712676
0967898709
0980170898
0952048315
0949380558
0921056148
0994465720
0948932725
0956260250
0933577014
0960248209
0975847173
0972192213
0941144841
0916413293
0942181854
0920117657
0901174548
0916828804
0994304986
0907922202
0949249358
0902049862
0946355561
0968979271
0967672463
0919010770
0982032385
0959839635
0931455875
0928073628
0973821446
0986396117
0999475021
0934740182
0988076587
0942050589
0922712594
0955506773
0920881100
0956643861
0943487531
0909314328
0921695178
0908606751
0922640865
0906749753
0947225026
0960302172
0928621580
0929724502
0956080158
0952501937
0969949953
0942564526
0911461038
0987738295
0961587282
0947261436
0925485834
0973213521
0914699013
0927283911
0952970372
0993082037
0982924411
0982039056
0911778555
0961894250
0953060849
0944318691
0943448539
0945574451
0973259405
0909742339
0943341875
0923824764
0927767317
0939889157
0998675987
0965598110
0971286097
0921423460
0964066315
0948142321
0903414383
0925934374
0984251948
0939094164
0923248717
0977807959
0967591578
0915265126
0988170031
0983771330
0915970969
0915875759
0928087881
0942081734
0958630164
0916106641
0959054687
0968753623
0982551218
0921194143
0972479041
0963005793
0930798003
0984101725
0986132410
0943168682
0901558132
0929252698
0963900376
0920456784
0954984364
0980129343
0961289302
0927888703
0988592180
0966627074
0978540353
0930221856
0920757601
0965625731
0946132213
0999081578
0963438897
0995453319
0946221793
0987758706
0901030225
0977566607
0963121818
0999255406
0990826355
0930512830
0936017989
0918916997
0998494332
0914811537
0904589728
0918670982
0961708213
0997151270
0979920654
0992894295
0925224606
0934812563
0960493128
0929402744
0979219605
0939747358
0935524642
0941305296
0941913847
0985412681
0915899787
0917926472
0919147315
0916205768
0904550347
0921691914
0987589155
0956209658
0964804435
0988846270
0988007499
0948117442
0951868306
0902019902
0963550049
0969321158
0942934468
0964241188
0940354252
0909779491
0983141125
0911865026
0917458313
0935640255
0919320788
0944555014
0922743547
0924067832
0950702688
0916153552
0967754103
0947478287
0992450522
0974896963
0920561891
0908776154
0907965980
0960190802
0913591659
0987416774
0998841402
0983804750
0974808004
0902599242
0950620669
0909824112
0907598857
0963698894
0903171671
0987942065
0922499398
0902450517
0961243542
0917546064
0900135223
0956288108
0988102580
0929381204
0906621962
0991057562
0907800690
0938348247
0959692918
0985907063
0975883749
0905216689
0997582108
0968650342
0983793419
0945520489
0909361704
0964821518
0957735288
0980991204
0924202673
0969139923
0909835301
0943744537
0915737976
0923881281
0924727784
0995290030
0905625053
0932372381
0922630129
0991533416
0903067580
0987281107
0982593258
0927173786
0975969433
0994954537
0998774250
0949029480
0969015699
0999680723
0935230529
0918905836
0937851504
0949989413
0983493844
0945589299
0963638185
0909739741
0979539494
0993138034
0918169204
0931236141
0993033152
0972938940
0914849822
0973248794
0965400556
0955918707
0949927054
0911647909
0918078310
0983596923
0983115835
0926435980
0920201687
0957681453
0969956143
0990581677
0997640250
0913435916
0987946238
0977784490
0960577228
0960721720
0919408191
0905028194
0971856560
0934842095
0929554193
0956480053
0990260485
0953139168
0968743392
0990399613
0929444676
0990041207
0939431969
0981043212
0931996804
0936594230
0978674744
0979670472
0923298039
0905592397
0986479302
0951866676
0971729814
0935822202
0962029545
0953998636
0972070801
0970591465
0914009523
0995779294
0945257942
0918167462
0999174655
0962942671
0984357313
0911452817
0952669744
0930222477
0966375045
0934393085
0922448192
0926529646
0983396559
0917745739
0929830305
0930711166
0973488625
0916761555
0934664637
0982459757
0944469337
0943222354
0930895855
0924810587
0980142613
0966270417
0910444289
0930640864
0901096174
0935851024
0926403686
0945073259
0958315881
0973739068
0910047912
0984770371
0917364261
0963898480
0968811177
0966186144
0917102604
0969347910
0948688303
0932964858
0986577791
0919300831
0949347913
0957176684
0996357347
0919342177
0916557191
0948572096
0952035427
0985434106
0995463361
0906656860
0939516649
0988923752
0926963548
0910957852
0991806115
0902802873
0922621312
0982309179
0902368160
0940386743
0908508922
0910521404
0923650990
0990893600
0923762345
0901148149
0919354553
0905242513
0995534026
0924753880
0936458440
0942978313
0923551862
0915909301
0996075740
0933367514
0919890894
0954987025
0901694125
0952906292
0911577961
0948030724
0943593701
0975904394
0902577367
0942098964
0962603248
0935389142
0921992078
0940330910
0968273751
0950530458
0905339692
0979292559
0942434183
0973861133
0939742041
0966616110
0912357345
0905861517
0968974015
0935168065
0988466114
0937344814
0937092909
0996736563
0936325130
0944537077
0930757133
0995917394
0952615421
0956325058
0902574456
0936998250
0953647922
0956736767
0902577717
0948764942
0917708628
0986390635
0963779926
0959297088
0965297736
0909796314
0986803265
0915145574
0903032014
0920223807
0901872108
0900902521
0901024098
0940588341
0933205799
0947967285
0945289358
0931449274
0937017666
0983294984
0902937956
0992822412
0988192833
0902722245
0904584746
0988723609
0925726261
0988191250
0967899980
0942894127
0980377871
0951227678
0988598182
0958907853
0940709740
0979698664
0914817058
0963663164
0900930153
0984805794
0957277969
0983629096
0947817133
0939845407
0930578110
0939871324
0955587652
0990756738
0911768295
0915283317
0958685784
0980416209
0952061463
0947727067
0945790994
0918971165
0994703426
0957876828
0963825482
0997072268
0953863312
0906373608
0903714448
0983636207
0940991067
0954485154
0972497538
0914342388
0958838482
0961556779
0961430811
0920447128
0975403293
0942040028
0922695300
0931495675
0937802908
0991016818
0980666118
0914311345
0924171436
0955666818
0950944865
0999464261
0968315138
0949216000
0981135146
0962234656
0986403220
0998640037
0950028064
0992725770
0966262424
0934089412
0954149746
0965284889
0990831057
0911476112
0977706510
0910611284
0962901735
0988664387
0922011839
0983747946
0978599557
0967414621
0987684914
0940139052
0955061947
0944047132
0926009721
0912336133
0948871346
0933709026
0934946788
0942798518
0978528539
0956501909
0980631757
0930407750
0902662293
0918194404
0917360131
0958576993
0941663609
0987997992
0954216145
0928681593
0947989927
0987994886
0997730711
0922240405
0934614228
0999983322
0985244544
0906441295
0976806237
0975523795
0945404327
0944571188
0916212200
0906747679
0978332207
0934589315
0984183289
0940181279
0979286850
0954572470
0967381711
0922788958
0938259779
0905691188
0958893437
0956764504
0915549185
0999757856
0989398644
0946933298
0965028494
0992177254
0935349520
0991383155
0936019442
0949300672
0989281601
0933354590
0958347689
0982853368
0982145373
0983182375
0921602071
0966044548
0925786838
0982861869
0912770784
0982357200
0991302461
0989546109
0942853464
0948596392
0949019868
0950663753
0962654426
0933260873
0975873328
0992690716
0998714272
0912335846
0955320140
0976188258
0958192858
0990270599
0963928022
0980840499
0937717607
0940753456
0966030599
0953527548
0920707199
0925079521
0952326951
0979170255
0954140843
0911531468
0977958634
0998236529
0970088399
0918105345
0921242338
0948551338
0903715240
0912400423
0917279520
0907688336
0961628772
0968715363
0975527368
0921426091
0916283027
0942333462
0960922685
0981347241
0987110966
0917709361
0973644101
0996448543
0917420895
0921202298
0950673292
0989290313
0936322056
0946766104
0951577297
0978237053
0948413218
0923130403
0936986365
0969297035
0934753470
0992152690
0961369709
0948152550
0966566570
0954611348
0979054064
0941242564
0937365855
0970086078
0933874789
0909038381
0937325006
0900397440
0918282208
0992849147
0935565542
0905251015
0996606846
0978542880
0912544137
0981035018
0904289313
0950111145
0926897424
0992700794
0989460796
0989916727
0915992623
0986718254
0939951740
0997656858
0913160504
0944143284
0975803693
0975470141
0938094264
0958412591
0942661713
0970096030
0912571927
0912456193
0908737657
0947519673
0996511923
0912187806
0964502808
0984638238
0918284241
0972626133
0968729023
0965669583
0981629324
0993310344
0922683658
0966268005
0976095665
0910007182
0939480768
0906379143
0937125608
0930629921
0920329739
0960538674
0988009704
0992676222
0959828663
0952885744
0979030863
0923689057
0946133056
0998377527
0947238931
0920560774
0923948676
0920128814
0955789098
0915108777
0959565060
0936317365
0987756927
0961514844
0971450598
0939459460
0939058133
0983698650
0935937877
0960348033
0950621986
0955862573
0943500664
0987645441
0901749247
0979413267
0999604865
0910949613
0970919739
0925322895
0985447906
0981845110
0907403683
0986323914
0903100566
0985314401
0969116061
0995126727
0966991898
0934757032
0982197236
0905759136
0931481142
0907102010
0939329965
0981983953
0905825320
0958313889
0934938956
0901587978
0958337542
0941226763
0914562582
0963264563
0940589865
0961790906
0956576824
0959391951
0962081790
0955313978
0957188768
0999068644
0996179250
0954219988
0907541558
0909589831
0906430795
0936658125
0937610216
0990862275
0926478993
0903375874
0992216198
0948648744
0931461073
0935702016
0904658636
0960206663
0988299488
0993061697
0957770459
0940654946
0953749418
0907497032
0960401868
0904724082
0998667322
0924113973
0952857007
0973799605
0913975294
0985930482
0926204814
0948997694
0958404928
0980223971
0960632803
0902589752
0945734426
0918438761
0938861975
0973645389
0952012769
0971489990
0987971299
0915234898
0982217336
0904071306
0981055141
0993173910
0947137962
0951588106
0921841052
0938778208
0984183757
0906178720
0954412884
0919002711
0957064116
0941477960
0949911453
0910859916
0992241667
0985019443
0984305195
0901538085
0965298859
0927253222
0961609315
0968418922
0935134355
0972527969
0931432522
0939818133
0910654148
0926183160
0979359988
0904227389
0979781388
0959031168
0901239216
0935878573
0924697534
0910526335
0902903068
0905591310
0927703033
0903316409
0964058412
0948225840
0987183207
0990058428
0919653333
0989704926
0904496079
0902695733
0971286561
0902403764
0942176773
0975727251
0972325406
0931653891
0955082896
0919889878
0970415234
0989871538
0957273023
0956792285
0909604517
0991332555
0973806666
0930222905
0976515251
0994898716
0944658390
0984112999
0982502196
0974185444
0952049400
0949190021
0953753282
0952423861
0931658355
0930714576
0936259795
0974697197
0949175820
0976631063
0985388585
0967043535
0941495455
0941338439
0982282288
0913380417
0900240178
0935446020
0908509095
0967025633
0932381514
0908757259
0962916786
0997429069
0967202780
0943726740
0983368875
0970245430
0945208030
0937626440
0964294068
0934527518
0954225183
0907140339
0980692878
0957704622
0985067613
0923379756
0995347972
0905147299
0972429534
0987094180
0923575752
0941031401
0910811783
0926914150
0934559041
0990018421
0929481894
0958434504
0904130886
0991302269
0947400722
0989047899
0909410897
0923829291
0997506456
0962261186
0996596853
0929583467
0900920380
0935259118
0941589677
0986830310
0932937438
0914153860
0901202323
0984293117
0933739616
0988636279
0901389028
0934505070
0943633468
0911619425
0986426419
0929579280
0917099764
0918081334
0904208202
0982576591
0976988622
0998682229
0983071043
0983947432
0963547697
0988043264
0977273450
0928609153
0946269005
0981477333
0941090404
0925160616
0949661511
0975695037
0907568362
0947844356
0981351574
0977699159
0912974805
0982024906
0935697746
0984461105
0999125645
0917644611
0900334025
0949025878
0944271692
0961980481
0959942804
0927555726
0966224474
0921017907
0954387560
0942716757
0999229206
0960388353
0962126711
0984328189
0994335388
0910622844
0933167551
0929425234
0950995471
0964535823
0963862094
0935790972
0903361147
0958531530
0938196824
0971747661
0980572822
0977091522
0965985238
0998978558
0960605285
0976075368
0986674062
